1014683421
1379128018
5878740751
933629951
677615658
945315873
394870271
1448623549
1991601082
5331704868
809798502
664754895
1425883924
466049174
1335360174
484000770
2022120427
5155929869
1302340129
1075357735
704742200
6462362399
955636909
6251806907
1199862427
671798181
1306642972
5294016377
1527411642
734641915
1105710515
5003711162
1946650692
1244357371
762163303
5011680629
5674441071
606608776
1771117594
5497006650
533016130
729830815
894522274
5633066344
1095321790
1523897441
1334982358
723245201
6075474498
1492592067
179175453
5456883258
1012321218
857259921
1015826954
949936637
2114660079
2086785547
5703202303
5986667632
5271297742
6961886361
6192492691
444716
574001635
1305445339
627126335
733672304
1303169186
1676949006
5605641780
6496849077
5006923755
873317115
329484844
946845043
2094927196
6424595615
961462408
1496209905
1219491111
6044791394
5105973642
1344061744
682312705
1257244652
395085112
765397323
6448604199
1877888020
5647296154
1861257764
1213191723
1438873506
1113791947
1479651539
5592384450
1363604028
1259288218
5614928925
628078768
5684795170
824560644
199430610
6148388932
5626503028
859587814
1103037623
1373552083
1502477734
1241871477
1406138312
5126894029
5596559416
5974639212
706553457
5626058377
720820586
948141351
1883038081
6553432527
1969522823
1353869474
